      0/99     2.42G    0.1121   0.01482         0    0.1269        16       416 0.0006977    0.1915 0.0001518 3.119e-05    0.1028   0.01257         0
      1/99     2.58G    0.1029   0.01481         0    0.1177        14       416 0.0004044   0.08511 7.437e-05 1.367e-05   0.09945   0.01229         0
      2/99     2.58G    0.1001   0.01484         0    0.1149        20       416  0.000324   0.08511 6.581e-05 1.089e-05   0.09884   0.01186         0
      3/99     2.58G     0.101   0.01449         0    0.1155        17       416 0.0004746   0.08511 7.342e-05 1.226e-05   0.09706   0.01166         0
      4/99     2.58G   0.09881   0.01471         0    0.1135        22       416 0.0005841    0.1064  9.84e-05 2.251e-05   0.09685   0.01148         0
      5/99     2.58G   0.09745   0.01345         0    0.1109        13       416 0.0004651    0.1277 7.611e-05 1.207e-05   0.09706   0.01122         0
      6/99     2.58G   0.09774   0.01474         0    0.1125        13       416 0.0006977    0.1915 0.0002501  3.36e-05   0.09702   0.01104         0
      7/99     2.58G   0.09874   0.01354         0    0.1123        19       416   0.00726   0.02128 0.0004876 0.0001701   0.09687    0.0109         0
      8/99     2.58G   0.09773   0.01374         0    0.1115        22       416 0.0005727   0.06383 0.0001062 1.729e-05    0.0968   0.01082         0
      9/99     2.58G    0.0978   0.01373         0    0.1115        21       416 0.0007904    0.1489  0.000172 2.044e-05   0.09753   0.01067         0
     10/99     2.58G   0.09741   0.01385         0    0.1113        16       416 0.0007129    0.1277 0.0002864 6.517e-05   0.09685   0.01059         0
     11/99     2.58G   0.09801   0.01408         0    0.1121        15       416 0.0007591    0.1277 0.0002076 3.674e-05    0.0973   0.01048         0
     12/99     2.58G   0.09687   0.01309         0      0.11        18       416 0.0007127    0.1915 0.0002396 3.724e-05   0.09748   0.01037         0
     13/99     2.58G   0.09754   0.01348         0     0.111        17       416 0.0005725    0.1489 0.0002306 3.437e-05   0.09708   0.01042         0
     14/99     2.58G   0.09627   0.01351         0    0.1098        17       416 0.0008222    0.1489 0.0003911 4.787e-05    0.0972   0.01036         0
     15/99     2.58G   0.09579    0.0136         0    0.1094        14       416 0.0008305    0.1489 0.0002387 3.518e-05   0.09696   0.01034         0
     16/99     2.58G   0.09524   0.01385         0    0.1091        15       416 0.0008436    0.1489 0.0003435 8.555e-05    0.0969   0.01026         0
     17/99     2.58G   0.09434   0.01384         0    0.1082        20       416 0.0009116    0.1277 0.0003081 5.938e-05    0.0966   0.01033         0
     18/99     2.58G   0.09333    0.0143         0    0.1076        21       416  0.001172   0.08511 0.0002774  5.53e-05   0.09513   0.01052         0
     19/99     2.58G   0.09245   0.01441         0    0.1069        16       416 0.0007844    0.1702  0.000187 3.382e-05   0.09386    0.0107         0
     20/99     2.58G   0.08824   0.01537         0    0.1036        12       416  0.001855   0.02128 0.0002382 7.226e-05   0.09277   0.01079         0
     21/99     2.58G   0.08708   0.01573         0    0.1028        17       416   0.00367   0.04255 0.0006497 0.0002653   0.08936   0.01101         0
     22/99     2.58G   0.08313    0.0165         0   0.09963        22       416   0.00154    0.2128 0.0006367 0.0001652   0.09122   0.01053         0
     23/99     2.58G   0.07831   0.01695         0   0.09526        26       416   0.00111   0.08511 0.0002281 5.476e-05    0.1036  0.008849         0
     24/99     2.58G   0.07429    0.0175         0   0.09179        14       416   0.04876    0.1915   0.06632   0.01897   0.07021   0.01269         0
     25/99     2.58G   0.07248   0.01746         0   0.08995        22       416   0.05287   0.04255  0.007378  0.001167   0.08042   0.01183         0
     26/99     2.58G    0.0706   0.01838         0   0.08898        19       416   0.04712    0.1489   0.04701   0.01294   0.07998   0.01158         0
     27/99     2.58G   0.06704   0.01845         0   0.08548        17       416    0.2096    0.2128    0.1254   0.03496   0.06705   0.01239         0
     28/99     2.58G   0.06596   0.01752         0   0.08348        20       416    0.1889    0.1277     0.101   0.03498   0.06839   0.01229         0
     29/99     2.58G   0.06522   0.01702         0   0.08224        21       416    0.1535   0.08511   0.05574   0.02005   0.07784   0.01176         0
     30/99     2.58G   0.06197   0.01756         0   0.07953        18       416  0.001774    0.2553 0.0005586 0.0001271    0.1114    0.0199         0
     31/99     2.58G   0.06276   0.01657         0   0.07933        23       416   0.01565    0.4043  0.008994  0.002341   0.07296   0.01216         0
     32/99     2.58G    0.0604   0.01608         0   0.07649        16       416    0.2025    0.2553    0.1017   0.02116   0.06984   0.01214         0
     33/99     2.58G   0.05518   0.01626         0   0.07145        16       416       0.4    0.2127     0.175   0.05171   0.07247   0.01169         0
     34/99     2.58G   0.05736   0.01531         0   0.07267        19       416   0.09103   0.04255  0.006833 0.0007026   0.09956   0.01582         0
     35/99     2.58G   0.05382   0.01591         0   0.06973        18       416    0.0357   0.04255  0.005618  0.001644   0.08632   0.01848         0
     36/99     2.58G   0.05225   0.01483         0   0.06708        16       416    0.1575    0.1277   0.03435   0.01005   0.07972   0.01337         0
     37/99     2.58G   0.05014   0.01365         0    0.0638        20       416     0.232    0.1489   0.06854   0.02108   0.07694    0.0126         0
     38/99     2.58G   0.05001   0.01405         0   0.06406        17       416    0.7348    0.5305    0.5627    0.1673   0.05336  0.009722         0
     39/99     2.58G   0.04574   0.01361         0   0.05935        20       416    0.4698    0.3584     0.279     0.115   0.07483  0.009826         0
     40/99     2.58G   0.04603   0.01263         0   0.05867        20       416    0.7276    0.5745    0.5876     0.222   0.05898   0.00826         0
     41/99     2.58G   0.04444   0.01319         0   0.05763        19       416    0.3597    0.5532    0.3649     0.156   0.05649   0.01022         0
     42/99     2.58G   0.04509   0.01262         0   0.05771        12       416    0.4974    0.3191    0.2679   0.07222   0.06549   0.01005         0
     43/99     2.58G   0.04393   0.01223         0   0.05615        13       416     0.252    0.1915    0.1496   0.06304   0.07506   0.01016         0
     44/99     2.58G   0.04228   0.01298         0   0.05526        19       416    0.7497    0.2549    0.3059    0.1576   0.06692  0.009817         0
     45/99     2.58G   0.04305   0.01122         0   0.05427        13       416    0.8146    0.4681    0.5485    0.2507   0.05455  0.008818         0
     46/99     2.58G   0.04013    0.0116         0   0.05173        18       416    0.4245    0.4255    0.2963   0.07611   0.06316  0.008987         0
     47/99     2.58G   0.03998   0.01123         0   0.05121        16       416    0.6817    0.6378    0.6886    0.3081    0.0447  0.007884         0
     48/99     2.58G     0.038   0.01107         0   0.04907        18       416    0.6943    0.6809    0.6623    0.3238   0.05094  0.009301         0
     49/99     2.58G   0.04076   0.01065         0   0.05141        14       416    0.5331    0.4468    0.3661    0.1517   0.05736  0.009063         0
     50/99     2.58G   0.03751   0.01049         0     0.048        15       416    0.7614    0.6809    0.6797    0.3139   0.04842  0.007711         0
     51/99     2.58G   0.03817   0.01038         0   0.04855        17       416    0.3695    0.2766    0.1965   0.08373   0.07177  0.009849         0
     52/99     2.58G    0.0362  0.009908         0   0.04611        20       416    0.8964    0.7447    0.8164    0.3868   0.05116  0.006308         0
     53/99     2.58G   0.03511      0.01         0   0.04511        16       416    0.7197    0.6596    0.6624    0.3013   0.05836  0.006973         0
     54/99     2.58G   0.03505  0.009206         0   0.04425        15       416    0.8836    0.8085    0.8363    0.4449   0.04136   0.00622         0
     55/99     2.58G   0.03368   0.00905         0   0.04273         8       416     0.973    0.7657    0.8259    0.4464   0.04286  0.006287         0
     56/99     2.58G   0.03322  0.009041         0   0.04226        13       416    0.7142    0.5319    0.6027    0.3049   0.04795  0.007597         0
     57/99     2.58G   0.03226   0.00876         0   0.04102        18       416    0.9188    0.7227    0.7855    0.4213   0.04197  0.006086         0
     58/99     2.58G    0.0319  0.008754         0   0.04065        16       416    0.8947    0.7231    0.8265    0.4179   0.04408  0.006426         0
     59/99     2.58G   0.03213  0.008861         0     0.041        11       416    0.9134    0.6809    0.8299    0.3585   0.04633  0.006135         0
     60/99     2.58G   0.03178  0.008809         0   0.04059        16       416    0.8938    0.7234    0.8104    0.4174   0.04484  0.006169         0
     61/99     2.58G   0.03287  0.008349         0   0.04122        25       416     0.787    0.7861    0.7741    0.4021   0.04732  0.006097         0
     62/99     2.58G   0.03149  0.008221         0   0.03972        13       416    0.8473    0.8298    0.8339    0.4299   0.04218  0.005998         0
     63/99     2.58G   0.02921  0.007794         0     0.037        12       416    0.9044    0.8085    0.8424    0.4523    0.0422  0.005863         0
     64/99     2.58G   0.03049  0.008173         0   0.03867        19       416    0.9024    0.7872    0.8202    0.4081   0.04751  0.005541         0
     65/99     2.58G   0.03038  0.007991         0   0.03837        22       416     0.973    0.7658    0.8744     0.478   0.04052  0.005419         0
     66/99     2.58G   0.03068  0.008281         0   0.03896        15       416    0.8609    0.6596    0.7223    0.3777   0.04882  0.006253         0
     67/99     2.58G   0.02806  0.008176         0   0.03623        15       416    0.9459    0.7447    0.8053    0.4454   0.04157  0.005154         0
     68/99     2.58G   0.02929  0.007034         0   0.03632        14       416     0.941    0.6809    0.7645    0.4303   0.05279  0.005923         0
     69/99     2.58G   0.02789   0.00749         0   0.03538        14       416    0.9512    0.8291    0.8787    0.4808   0.04018  0.005033         0
     70/99     2.58G   0.02698  0.007317         0    0.0343        17       416    0.9484    0.8085    0.8097    0.4725   0.04335  0.005865         0
     71/99     2.58G   0.02913  0.007103         0   0.03623        13       416    0.9726     0.766     0.854    0.5072   0.04108  0.005306         0
     72/99     2.58G   0.02705  0.007274         0   0.03433        12       416    0.9239    0.7872    0.8661    0.4773   0.04315  0.005254         0
     73/99     2.58G   0.02668  0.007286         0   0.03396        14       416    0.8636    0.8085    0.8088    0.4372   0.04582  0.005631         0
     74/99     2.58G   0.02657  0.007221         0   0.03379        14       416    0.8162    0.8502    0.8317    0.4904   0.04175  0.005364         0
     75/99     2.58G   0.02574  0.006902         0   0.03264        18       416    0.8438    0.8085    0.8404    0.4997   0.04101  0.005098         0
     76/99     2.58G   0.02604  0.006714         0   0.03275        14       416      0.84    0.7872     0.793    0.4576   0.04732  0.005637         0
     77/99     2.58G   0.02506  0.006959         0   0.03202        18       416    0.8333    0.8511    0.8644     0.497   0.03867  0.004616         0
     78/99     2.58G   0.02471  0.006929         0   0.03164        22       416    0.9749    0.8298    0.8669    0.4883    0.0404  0.005047         0
     79/99     2.58G   0.02358  0.006268         0   0.02985        17       416    0.9498    0.8085    0.8805    0.5068   0.04026  0.004873         0
     80/99     2.58G   0.02386  0.007018         0   0.03088        18       416    0.9486    0.7872    0.8457    0.4822     0.043  0.005083         0
     81/99     2.58G   0.02498  0.006709         0   0.03169        24       416    0.8776     0.766    0.7881    0.4524   0.04679  0.005605         0
     82/99     2.58G   0.02421  0.006822         0   0.03103        23       416    0.9718    0.7447    0.8454     0.467   0.04196  0.005003         0
     83/99     2.58G   0.02379  0.006303         0   0.03009        15       416     0.851    0.8511     0.851     0.483   0.03962  0.004872         0
     84/99     2.58G   0.02361    0.0065         0   0.03011        17       416    0.9487    0.7872    0.8491    0.5154   0.03956  0.004841         0
     85/99     2.58G   0.02346  0.006063         0   0.02953        15       416    0.8888    0.8505    0.8669    0.4992   0.04063   0.00496         0
     86/99     2.58G   0.02272  0.006252         0   0.02898        24       416    0.8999     0.766    0.8167    0.4548   0.04677  0.005457         0
     87/99     2.58G   0.02347  0.006296         0   0.02977        19       416    0.9487    0.7872    0.8476    0.5048   0.03976  0.005162         0
     88/99     2.58G   0.02392  0.006133         0   0.03006        15       416     0.909    0.8503    0.8828    0.5049   0.03952  0.004695         0
     89/99     2.58G    0.0225  0.006313         0   0.02882        14       416    0.9485    0.7872    0.8551    0.4953   0.03999   0.00473         0
     90/99     2.58G   0.02184  0.006239         0   0.02808        20       416      0.95    0.8082    0.8863    0.5143   0.03925  0.004572         0
     91/99     2.58G   0.02169   0.00612         0   0.02781        22       416    0.9747    0.8511    0.8822    0.5049   0.03976  0.004665         0
     92/99     2.58G   0.02206   0.00604         0    0.0281        13       416     0.923    0.7653    0.8132    0.4719   0.04266  0.005433         0
     93/99     2.58G   0.02141  0.006117         0   0.02753        21       416    0.8837    0.8085    0.8565    0.5092   0.03765   0.00465         0
     94/99     2.58G   0.02094   0.00606         0     0.027        20       416     0.907    0.8295     0.861    0.5004   0.04089  0.004963         0
     95/99     2.58G   0.02153  0.006295         0   0.02783        19       416    0.9523    0.8511    0.8761    0.5251   0.03862  0.004628         0
     96/99     2.58G   0.02194  0.006118         0   0.02806        20       416    0.9743    0.8085    0.8378     0.516   0.03945  0.004764         0
     97/99     2.58G   0.02134  0.005883         0   0.02722        17       416    0.9498    0.8059    0.8779    0.5062   0.03996  0.004727         0
     98/99     2.58G   0.02099  0.005818         0   0.02681        24       416    0.9268    0.8085    0.8411    0.5154   0.04033  0.004739         0
     99/99     2.58G   0.02063  0.005743         0   0.02638        14       416    0.9487    0.7871    0.8173    0.4898   0.04364  0.005342         0
