      0/99     4.29G    0.1118   0.01493         0    0.1268        15       416 0.0005537    0.1489 0.0006075 0.0001272    0.1036   0.01253         0
      1/99     4.33G    0.1033   0.01486         0    0.1181        11       416 0.0007732    0.1277 0.0002448 3.949e-05   0.09914   0.01244         0
      2/99     4.33G    0.1005   0.01464         0    0.1151        14       416 0.0006202    0.1702 0.0001923  3.44e-05   0.09794   0.01207         0
      3/99     4.33G   0.09882   0.01467         0    0.1135        16       416 0.0008305    0.1489 0.0002136 2.911e-05   0.09755   0.01174         0
      4/99     4.33G   0.09864   0.01535         0     0.114        16       416 0.0008303    0.1489 0.0002452 3.413e-05   0.09757   0.01145         0
      5/99     4.33G   0.09735   0.01374         0    0.1111        16       416 0.0008192    0.1489  0.000241 3.784e-05   0.09794   0.01121         0
      6/99     4.33G   0.09745   0.01419         0    0.1116        14       416    0.1079   0.02128  0.003071 0.0005961   0.09773   0.01102         0
      7/99     4.33G   0.09704   0.01474         0    0.1118        21       416 0.0006233    0.1702 0.0002721 4.185e-05   0.09802   0.01085         0
      8/99     4.33G   0.09699   0.01401         0     0.111        15       416  0.001133    0.1915 0.0004035  9.03e-05   0.09808   0.01069         0
      9/99     4.33G   0.09684   0.01388         0    0.1107        15       416 0.0004706    0.1277 9.697e-05 2.101e-05    0.0977   0.01058         0
     10/99     4.33G   0.09775   0.01399         0    0.1117        15       416   0.05779   0.02128  0.001716 0.0003367   0.09756   0.01053         0
     11/99     4.33G   0.09601   0.01322         0    0.1092        13       416  0.001074    0.1915 0.0002675 4.673e-05   0.09743   0.01043         0
     12/99     4.33G   0.09601   0.01362         0    0.1096        24       416 0.0009251    0.1702 0.0002232 3.886e-05   0.09737    0.0104         0
     13/99     4.33G   0.09554   0.01336         0    0.1089        13       416 0.0009285    0.1702 0.0003719  4.36e-05    0.0968   0.01039         0
     14/99     4.33G   0.09516   0.01408         0    0.1092        14       416  0.001059    0.1915 0.0008076 0.0001215   0.09637   0.01037         0
     15/99     4.33G   0.09407   0.01413         0    0.1082        20       416  0.001187    0.2128  0.002637 0.0006244   0.09538   0.01039         0
     16/99     4.33G   0.09267   0.01418         0    0.1069        17       416    0.0847   0.02128  0.007235  0.001157   0.09438   0.01047         0
     17/99     4.33G   0.09018   0.01517         0    0.1053        15       416     0.019   0.06383  0.007215  0.002023   0.09245   0.01072         0
     18/99     4.33G   0.08686   0.01529         0    0.1022        18       416  0.005719   0.04255  0.001189  0.000372   0.09154   0.01092         0
     19/99     4.33G   0.08508   0.01561         0    0.1007        18       416    0.1104   0.04255   0.01773  0.003822   0.08875   0.01087         0
     20/99     4.33G   0.08151   0.01637         0   0.09788        22       416     0.022   0.02128  0.004056 0.0008169   0.09101    0.0111         0
     21/99     4.33G   0.08092    0.0157         0   0.09662        18       416   0.01205   0.02128  0.002275 0.0004691   0.08355   0.01126         0
     22/99     4.33G    0.0756   0.01634         0   0.09194        19       416   0.06405   0.08511    0.0231  0.005208   0.07368   0.01274         0
     23/99     4.33G   0.06963   0.01687         0   0.08649        18       416    0.1017   0.02128   0.00551 0.0005997    0.1125  0.007212         0
     24/99     4.33G   0.07049    0.0164         0   0.08689        18       416     0.326    0.1277   0.08581   0.02298   0.08234   0.01018         0
     25/99     4.33G   0.06776   0.01702         0   0.08478        16       416     0.254    0.1702   0.09784   0.02495   0.08769  0.009971         0
     26/99     4.33G   0.06424   0.01636         0    0.0806        18       416   0.03073   0.04255  0.005243  0.001436   0.06532   0.01539         0
     27/99     4.33G   0.06294   0.01618         0   0.07912        19       416    0.2741    0.3404    0.2041   0.06059   0.05857   0.01306         0
     28/99     4.33G   0.06256   0.01556         0   0.07812        24       416   0.05841   0.02128  0.002525  0.001131   0.08069   0.01371         0
     29/99     4.33G   0.06299   0.01607         0   0.07905        18       416    0.2346    0.1702    0.0662   0.01662   0.08861  0.009989         0
     30/99     4.33G   0.06057   0.01517         0   0.07574        17       416   0.07476    0.1277   0.02965  0.008905   0.09993  0.009287         0
     31/99     4.33G    0.0605   0.01513         0   0.07563        22       416   0.01149   0.04255  0.001986  0.000461   0.09384   0.03396         0
     32/99     4.33G   0.05944   0.01447         0   0.07391        16       416    0.5129    0.4032    0.3866    0.1194   0.06551   0.01215         0
     33/99     4.33G   0.05587   0.01522         0   0.07109        18       416    0.2194    0.1277   0.08535   0.02968   0.07399   0.01345         0
     34/99     4.33G   0.05443   0.01378         0   0.06822        13       416    0.2395    0.2766    0.1677   0.03762   0.07385    0.0111         0
     35/99     4.33G   0.05167   0.01438         0   0.06606        10       416   0.05541   0.04255   0.02673  0.005455    0.0996   0.02692         0
     36/99     4.33G   0.05236   0.01426         0   0.06662        14       416   0.07273   0.04255   0.01008  0.002212   0.07643   0.01394         0
     37/99     4.33G   0.04914   0.01362         0   0.06276        15       416   0.02114   0.04255  0.002157 0.0006986   0.09128   0.02081         0
     38/99     4.33G   0.04498   0.01308         0   0.05805        14       416   0.06862   0.04255   0.01563  0.003279   0.08259   0.01521         0
     39/99     4.33G   0.04592   0.01264         0   0.05856        16       416     0.398   0.04255   0.03562   0.02176   0.09623   0.01591         0
     40/99     4.33G   0.04589   0.01205         0   0.05793        25       416  0.005469   0.02128 0.0003472 0.0001422    0.1102   0.02707         0
     41/99     4.33G   0.04644   0.01284         0   0.05928        16       416    0.3327    0.3404    0.2611   0.08975   0.05888   0.00931         0
     42/99     4.33G   0.04539   0.01223         0   0.05762        15       416    0.3893    0.4894    0.3027    0.1344   0.06064  0.009653         0
     43/99     4.33G   0.04401   0.01195         0   0.05596        22       416    0.7042    0.6586    0.7112     0.284   0.05019  0.008253         0
     44/99     4.33G    0.0407   0.01163         0   0.05234         8       416    0.8915    0.6991    0.7819    0.3963   0.04792  0.007161         0
     45/99     4.33G   0.04016   0.01109         0   0.05125        11       416    0.8552    0.6383    0.6908    0.3597   0.05783  0.008225         0
     46/99     4.33G   0.03859   0.01108         0   0.04966        17       416    0.4148    0.4255    0.3117    0.1616   0.05951  0.009857         0
     47/99     4.33G   0.03783   0.01057         0    0.0484        14       416    0.8333    0.7446    0.7795    0.4345    0.0445  0.006747         0
     48/99     4.33G   0.03777   0.00984         0   0.04761        21       416    0.8205    0.5106    0.5887    0.2736   0.05617   0.00834         0
     49/99     4.33G   0.03818  0.009688         0   0.04787        21       416    0.3445    0.1702    0.1495   0.05761   0.06954   0.01586         0
     50/99     4.33G   0.03538   0.01053         0   0.04591        24       416    0.6959    0.6596    0.6258    0.3172    0.0499   0.01001         0
     51/99     4.33G   0.03531  0.009056         0   0.04437        15       416    0.8416    0.6809    0.7639    0.4379   0.04689  0.006807         0
     52/99     4.33G   0.03745  0.008887         0   0.04634        15       416    0.5865    0.5735    0.5107    0.2241   0.06252  0.007562         0
     53/99     4.33G   0.03493  0.009271         0    0.0442        20       416    0.7999    0.6809    0.7027    0.2819   0.05478  0.007175         0
     54/99     4.33G   0.03527  0.008357         0   0.04363        28       416    0.9283    0.8298    0.8717    0.4884    0.0441  0.005784         0
     55/99     4.33G   0.03305  0.008651         0    0.0417        11       416    0.8787    0.6167    0.6862    0.3924    0.0537  0.007123         0
     56/99     4.33G   0.03495  0.008131         0   0.04308        16       416    0.7598    0.8085    0.7467    0.3959   0.04536  0.005598         0
     57/99     4.33G   0.03256  0.008431         0   0.04099        17       416    0.6413    0.6596    0.5629      0.28   0.05147  0.007578         0
     58/99     4.33G   0.03024  0.008284         0   0.03852        20       416    0.9737    0.7871    0.8724    0.4525   0.04126  0.005422         0
     59/99     4.33G   0.03052  0.007855         0   0.03838        18       416    0.8863    0.8289    0.8698    0.5202   0.03948   0.00547         0
     60/99     4.33G   0.03137  0.007353         0   0.03873        12       416    0.8596    0.7872    0.8092    0.4216   0.04731  0.006049         0
     61/99     4.33G   0.03128  0.007361         0   0.03865        15       416    0.9459    0.7437    0.8421    0.4809   0.04198  0.005876         0
     62/99     4.33G   0.03019  0.007273         0   0.03746        18       416    0.7921    0.8298    0.7963    0.4102    0.0432  0.005245         0
     63/99     4.33G   0.02938  0.007381         0   0.03676        18       416    0.7252    0.6809    0.6867    0.3136   0.05338  0.006718         0
     64/99     4.33G   0.03007  0.007217         0   0.03728        21       416    0.8887    0.8511    0.8482    0.4912   0.04173  0.005269         0
     65/99     4.33G   0.02858   0.00687         0   0.03545        14       416    0.9713    0.7211    0.7978    0.4509   0.04734  0.005217         0
     66/99     4.33G   0.02808  0.006858         0   0.03494        16       416    0.9007    0.7872    0.8384    0.4918   0.04064  0.005106         0
     67/99     4.33G   0.02814  0.006809         0   0.03495        16       416    0.9747    0.8298    0.8807    0.5323   0.04115  0.004957         0
     68/99     4.33G   0.02695  0.007097         0   0.03405        16       416    0.9046    0.8085    0.8712    0.5036   0.04318  0.005112         0
     69/99     4.33G   0.02602    0.0069         0   0.03292        27       416    0.9732    0.7872    0.8783    0.4914   0.04404  0.004886         0
     70/99     4.33G   0.02423  0.006362         0   0.03059        12       416    0.9487    0.7872    0.8546    0.4823   0.04322  0.004771         0
     71/99     4.33G   0.02557  0.006389         0   0.03196        12       416    0.9748    0.8298    0.8845    0.5106   0.03922   0.00488         0
     72/99     4.33G   0.02548  0.006021         0    0.0315        14       416    0.9743    0.8081    0.8741    0.5153   0.03938  0.005032         0
     73/99     4.33G   0.02523  0.006286         0   0.03152        22       416    0.9524    0.8507    0.8758     0.518   0.04026  0.004868         0
     74/99     4.33G   0.02545  0.006419         0   0.03187        16       416    0.9512    0.8297    0.8726    0.4985   0.04209  0.004795         0
     75/99     4.33G   0.02377   0.00608         0   0.02985        21       416    0.9725     0.766    0.8527    0.4756   0.04258  0.004654         0
     76/99     4.33G   0.02406  0.006051         0   0.03011        14       416     0.974    0.8085    0.8703     0.511   0.04092   0.00475         0
     77/99     4.33G   0.02518  0.005834         0   0.03101        11       416    0.9755    0.8511    0.8859    0.5419   0.03828  0.004697         0
     78/99     4.33G   0.02291  0.006047         0   0.02895        17       416    0.9535    0.8723    0.8895    0.5245   0.03878   0.00467         0
     79/99     4.33G   0.02308  0.005793         0   0.02887        13       416    0.9761    0.8723    0.8895    0.5126    0.0407  0.004566         0
     80/99     4.33G   0.02404   0.00613         0   0.03017        19       416     0.975    0.8298    0.8861    0.5136   0.03973  0.004672         0
     81/99     4.33G   0.02252    0.0059         0   0.02842        22       416    0.9111    0.8719    0.8861    0.5346   0.03962  0.004494         0
     82/99     4.33G   0.02239  0.005936         0   0.02833        14       416    0.9524    0.8511    0.8835    0.5271    0.0398  0.004503         0
     83/99     4.33G   0.02274  0.005577         0   0.02832        18       416    0.9998     0.766     0.858    0.5157   0.04027  0.004639         0
     84/99     4.33G   0.02314  0.005745         0   0.02889        16       416    0.9749    0.8298    0.8768    0.4845   0.04135   0.00469         0
     85/99     4.33G   0.02227  0.005875         0   0.02815        13       416     0.975    0.8298    0.8699    0.5259    0.0389  0.004751         0
     86/99     4.33G   0.02114  0.005732         0   0.02687        19       416    0.9756     0.851    0.8717    0.5032   0.04049  0.004522         0
     87/99     4.33G   0.02087   0.00558         0   0.02645        14       416    0.9756    0.8511    0.8852     0.526   0.03997  0.004452         0
     88/99     4.33G   0.02052  0.005531         0   0.02605        13       416    0.9524     0.851     0.881    0.5296   0.03956  0.004505         0
     89/99     4.33G   0.02236  0.005423         0   0.02779        20       416    0.9743    0.8085    0.8676    0.5099    0.0409   0.00468         0
     90/99     4.33G   0.02179  0.005583         0   0.02737        18       416         1    0.8296    0.8806    0.5159   0.04054  0.004571         0
     91/99     4.33G   0.02086  0.005571         0   0.02643        23       416    0.9524     0.851    0.8763    0.5204   0.03967  0.004516         0
     92/99     4.33G   0.02018  0.005238         0   0.02542        16       416     0.975    0.8297    0.8722    0.5145    0.0406  0.004568         0
     93/99     4.33G   0.02053  0.005685         0   0.02622        28       416    0.9754    0.8511    0.8853    0.5321   0.04022  0.004465         0
     94/99     4.33G   0.02029  0.005365         0   0.02566        14       416     0.975    0.8296    0.8736    0.4889   0.04192  0.004512         0
     95/99     4.33G    0.0196  0.005256         0   0.02485        18       416    0.9749    0.8298    0.8741    0.5192   0.04095  0.004577         0
     96/99     4.33G   0.01973  0.005283         0   0.02501        19       416    0.9512    0.8297    0.8772    0.5027   0.04061  0.004652         0
     97/99     4.33G   0.02009  0.005378         0   0.02546        19       416    0.9756    0.8511    0.8875     0.511   0.04031   0.00466         0
     98/99     4.33G   0.01981  0.005296         0   0.02511        13       416    0.9756    0.8511    0.8858    0.4999   0.04119  0.004555         0
     99/99     4.33G   0.01933  0.005169         0    0.0245        21       416    0.9756     0.851    0.8883    0.5263   0.03944  0.004578         0
