      0/99     1.79G    0.1139   0.01525         0    0.1291        16       416 0.0008305    0.1489 0.0007802 0.0001092    0.1048   0.01221         0
      1/99     1.81G    0.1056   0.01594         0    0.1215        18       416 0.0006202    0.1702 0.0003187 4.329e-05    0.1003   0.01204         0
      2/99     1.81G    0.1041    0.0142         0    0.1183        18       416 0.0007155    0.1277 0.0005678 0.0001253   0.09894   0.01174         0
      3/99     1.81G    0.1027   0.01378         0    0.1165        14       416 0.0008303    0.1489  0.000187  2.73e-05   0.09827   0.01151         0
      4/99     1.81G   0.09942    0.0146         0     0.114        16       416 0.0005735    0.1277 8.644e-05 1.652e-05   0.09792   0.01131         0
      5/99     1.81G    0.0985   0.01422         0    0.1127        18       416 0.0003175   0.08511 3.119e-05  5.29e-06    0.1063   0.01038         0
      6/99     1.81G   0.09896   0.01396         0    0.1129        16       416  0.001208   0.04255 6.337e-05 6.337e-06    0.1148  0.009508         0
      7/99     1.81G   0.09798   0.01405         0     0.112        18       416 0.0008458   0.08511 0.0001447 2.383e-05    0.1062   0.01035         0
      8/99     1.81G   0.09679   0.01409         0    0.1109        11       416 0.0003481   0.02128 3.052e-05 8.836e-06    0.1098   0.01275         0
      9/99     1.81G   0.09782   0.01393         0    0.1117        14       416 0.0001811   0.02128 7.277e-06 2.183e-06    0.1153  0.008878         0
     10/99     1.81G   0.09699   0.01438         0    0.1114        22       416  0.001814   0.04255 0.0001333 2.288e-05    0.1013   0.01001         0
     11/99     1.81G   0.09567   0.01401         0    0.1097        29       416 0.0005951    0.1489 0.0001049 1.585e-05   0.09772   0.01035         0
     12/99     1.81G   0.09644   0.01405         0    0.1105        16       416 0.0006517    0.1702   0.00018 2.654e-05    0.0968   0.01037         0
     13/99     1.81G    0.0952   0.01406         0    0.1093        18       416 0.0008426    0.1702 0.0001752 3.379e-05   0.09575   0.01039         0
     14/99     1.81G   0.09388   0.01368         0    0.1076        21       416 0.0008429    0.1489 0.0002167 4.002e-05   0.09502   0.01048         0
     15/99     1.81G   0.09192   0.01467         0    0.1066        18       416 0.0009637    0.1489 0.0002826 5.008e-05   0.09292   0.01057         0
     16/99     1.81G   0.08999   0.01399         0     0.104        14       416  0.001685   0.02128 0.0003124 9.941e-05   0.09194   0.01067         0
     17/99     1.81G   0.08695   0.01481         0    0.1018        11       416  0.006003   0.04255 0.0008448 0.0002496   0.08871   0.01085         0
     18/99     1.81G   0.08115   0.01632         0   0.09747        18       416   0.00529   0.06383  0.001231 0.0002636    0.0869   0.01109         0
     19/99     1.81G   0.08038   0.01647         0   0.09685        16       416   0.01661   0.02128  0.001636 0.0003258    0.0825    0.0114         0
     20/99     1.81G   0.07686   0.01578         0   0.09264        12       416  0.004205   0.08511 0.0009961 0.0002462   0.08552   0.01098         0
     21/99     1.81G   0.07407   0.01711         0   0.09118        14       416   0.04652   0.04255  0.007281  0.002086   0.07781   0.01186         0
     22/99     1.81G   0.07127   0.01725         0   0.08851        20       416   0.03162   0.06383  0.009422  0.003092   0.07767   0.01215         0
     23/99     1.81G   0.06934   0.01727         0   0.08661        20       416    0.1211   0.08511   0.04621   0.02009   0.07304   0.01209         0
     24/99     1.81G   0.06551   0.01758         0   0.08309        18       416     0.189    0.1489   0.06248   0.02157   0.07135   0.01273         0
     25/99     1.81G   0.06448    0.0173         0   0.08178        18       416    0.5063    0.2128    0.1785   0.06687   0.06324   0.01242         0
     26/99     1.81G   0.06131   0.01733         0   0.07864        15       416    0.1236    0.1489    0.0432   0.01467   0.07229   0.01449         0
     27/99     1.81G   0.06072   0.01702         0   0.07774        19       416    0.3277    0.1277   0.07455   0.02416   0.07338    0.0116         0
     28/99     1.81G   0.05777   0.01734         0   0.07512        16       416  0.003538   0.06383  0.000985 0.0001701   0.09756    0.0101         0
     29/99     1.81G   0.06091   0.01623         0   0.07714        18       416   0.05019    0.1064   0.01435  0.003751   0.07084   0.01499         0
     30/99     1.81G   0.05616   0.01647         0   0.07263        20       416   0.06742    0.1489   0.03584   0.01207   0.08141    0.0127         0
     31/99     1.81G   0.05464   0.01546         0    0.0701        14       416    0.4356     0.234    0.2199   0.05025    0.0602   0.01615         0
     32/99     1.81G   0.05526   0.01511         0   0.07038        22       416   0.08261   0.06383   0.01254  0.003198   0.07488     0.029         0
     33/99     1.81G   0.05325   0.01524         0   0.06849        16       416    0.2364    0.1915    0.1054   0.01825   0.06445   0.02463         0
     34/99     1.81G   0.05178   0.01435         0   0.06613        14       416    0.1427   0.02128  0.005549 0.0009801     0.084   0.01487         0
     35/99     1.81G   0.05289    0.0139         0   0.06679        15       416    0.4395    0.2336    0.2239    0.0394   0.06416   0.01285         0
     36/99     1.81G   0.05088   0.01463         0   0.06552        12       416    0.6949    0.3393     0.425    0.1877   0.05648   0.02959         0
     37/99     1.81G   0.04821   0.01361         0   0.06183        15       416    0.1329    0.2766      0.11    0.0512   0.06219   0.02031         0
     38/99     1.81G   0.04753   0.01301         0   0.06055        22       416    0.6803    0.6791    0.6156    0.2958    0.0543  0.009623         0
     39/99     1.81G   0.04597   0.01357         0   0.05954        14       416    0.8039    0.7872    0.8306    0.2819   0.04678  0.008889         0
     40/99     1.81G   0.04362   0.01294         0   0.05656        17       416    0.7083    0.7233    0.6991     0.307   0.04652  0.009683         0
     41/99     1.81G   0.04511    0.0121         0   0.05721        15       416    0.2745    0.5319    0.2335    0.1038    0.0455  0.009115         0
     42/99     1.81G   0.04404   0.01205         0    0.0561        15       416    0.5499    0.7019     0.596    0.2815   0.04228  0.008144         0
     43/99     1.81G   0.04385   0.01207         0   0.05592        26       416     0.826    0.8082    0.8353    0.4281   0.04144  0.007818         0
     44/99     1.81G   0.04187   0.01152         0   0.05339        19       416    0.8219    0.7872    0.8316    0.2988   0.04333  0.008483         0
     45/99     1.81G   0.04156   0.01126         0   0.05282        11       416    0.9268    0.8081    0.8698    0.4552   0.04726  0.007216         0
     46/99     1.81G   0.03916   0.01151         0   0.05067        18       416    0.8585    0.7872    0.7997    0.3358   0.04413  0.007373         0
     47/99     1.81G   0.03891   0.01095         0   0.04986        17       416    0.8695    0.8511    0.8774    0.3965   0.04409  0.006882         0
     48/99     1.81G    0.0396   0.01067         0   0.05027        18       416    0.8835    0.8085    0.8947    0.4964   0.03873  0.006792         0
     49/99     1.81G   0.03823    0.0101         0   0.04833        21       416    0.9717     0.766    0.8877    0.5301    0.0424  0.006627         0
     50/99     1.81G   0.03923   0.01045         0   0.04968        20       416    0.8398    0.8936    0.8908     0.483   0.03951  0.006509         0
     51/99     1.81G    0.0361   0.01054         0   0.04664        16       416    0.9512    0.8296    0.9057    0.5023    0.0397   0.00617         0
     52/99     1.81G   0.03632  0.009199         0   0.04552        21       416    0.9743    0.8077    0.9159    0.5296   0.03771  0.005952         0
     53/99     1.81G    0.0353  0.009406         0   0.04471        16       416    0.9286    0.8297    0.8868    0.4439   0.03763   0.00607         0
     54/99     1.81G   0.03453  0.009078         0   0.04361        11       416    0.8199    0.8717    0.8799    0.5105   0.03929   0.00622         0
     55/99     1.81G   0.03556  0.009279         0   0.04484        20       416     0.856    0.8936    0.9064    0.5117   0.03797  0.005994         0
     56/99     1.81G   0.03586  0.008539         0    0.0444        16       416    0.9492    0.8085    0.8999    0.4924   0.03806  0.005709         0
     57/99     1.81G   0.03399  0.009181         0   0.04317        17       416    0.9284    0.8298    0.8627    0.4869   0.03689  0.006105         0
     58/99     1.81G   0.03321  0.008893         0    0.0421        13       416    0.9292    0.8511    0.8959    0.4955   0.03712  0.005729         0
     59/99     1.81G   0.03184  0.009243         0   0.04109        29       416    0.9069    0.8298    0.9089    0.5097   0.03688  0.005405         0
     60/99     1.81G   0.03429  0.008596         0   0.04289        13       416    0.9729     0.766    0.8815    0.4219   0.03871  0.006247         0
     61/99     1.81G   0.03156  0.008394         0   0.03995        14       416    0.9487    0.7871    0.8908    0.4886   0.03747  0.005606         0
     62/99     1.81G    0.0317  0.008613         0   0.04031        15       416    0.9264    0.8085    0.8955     0.443   0.03844  0.005342         0
     63/99     1.81G   0.03177  0.008218         0   0.03998        20       416    0.9744    0.8084    0.9075    0.5328    0.0381  0.005359         0
     64/99     1.81G   0.03126  0.007469         0   0.03873        18       416    0.8571    0.8934    0.9236    0.5298   0.03647   0.00511         0
     65/99     1.81G   0.03104  0.008373         0   0.03941        19       416    0.8659    0.8298    0.8936    0.4908   0.03534  0.005324         0
     66/99     1.81G   0.02981  0.007707         0   0.03752        17       416    0.8144    0.9362    0.9065    0.5055   0.03467  0.005159         0
     67/99     1.81G   0.02823  0.007735         0   0.03597        16       416    0.8735    0.8936    0.9216    0.5527   0.03497   0.00503         0
     68/99     1.81G   0.02859  0.007253         0   0.03585        12       416    0.9524    0.8509    0.9293    0.5271   0.03384  0.004928         0
     69/99     1.81G   0.02793  0.007439         0   0.03537        15       416    0.9302     0.851    0.9226    0.5377   0.03452  0.004965         0
     70/99     1.81G   0.02975  0.007555         0    0.0373        25       416    0.9268    0.8083    0.8867    0.4638   0.03632  0.005275         0
     71/99     1.81G   0.02884  0.007492         0   0.03634        18       416    0.9498    0.8085    0.9074    0.5083   0.03626  0.004999         0
     72/99     1.81G   0.02902  0.007781         0    0.0368        18       416    0.9111     0.872    0.9047    0.5086   0.03649  0.004971         0
     73/99     1.81G   0.02692  0.007196         0   0.03411        12       416    0.8936    0.8934    0.9069    0.5215   0.03581  0.004886         0
     74/99     1.81G   0.02756  0.007533         0    0.0351        30       416     0.973    0.7655    0.8978    0.5062   0.03495   0.00505         0
     75/99     1.81G   0.02773   0.00694         0   0.03467        18       416    0.9512    0.8297    0.9102    0.5014   0.03582  0.004968         0
     76/99     1.81G   0.02706  0.007003         0   0.03406        17       416    0.8913    0.8723    0.9063    0.5106   0.03578  0.004997         0
     77/99     1.81G   0.02574  0.006704         0   0.03244        14       416    0.9512    0.8296    0.9139    0.5159   0.03542  0.004958         0
     78/99     1.81G   0.02591  0.006872         0   0.03278        21       416    0.9286    0.8298    0.9142    0.5336   0.03451  0.004887         0
     79/99     1.81G    0.0248  0.007136         0   0.03194        22       416    0.9524     0.851    0.9079    0.5286   0.03456  0.004879         0
     80/99     1.81G   0.02609   0.00706         0   0.03315        15       416     0.925    0.7869    0.8644    0.5195   0.03698  0.005237         0
     81/99     1.81G   0.02561  0.006489         0    0.0321        16       416    0.9296    0.8511     0.903     0.521   0.03629  0.004827         0
     82/99     1.81G    0.0244  0.006693         0   0.03109        12       416    0.9522    0.8511    0.9155    0.5174   0.03555  0.004872         0
     83/99     1.81G   0.02518  0.006728         0   0.03191        15       416    0.9742    0.8085     0.895    0.5479   0.03528  0.004917         0
     84/99     1.81G   0.02444  0.006545         0   0.03099        24       416    0.9737    0.7868    0.8829    0.4961   0.03756  0.004903         0
     85/99     1.81G   0.02391  0.006483         0   0.03039        17       416    0.9742    0.8085    0.8922     0.533   0.03395  0.004904         0
     86/99     1.81G   0.02431   0.00645         0   0.03076        16       416    0.9268    0.8083    0.9195    0.5247   0.03401  0.004815         0
     87/99     1.81G   0.02531  0.006663         0   0.03197        16       416    0.9512    0.8296    0.9175    0.5544    0.0344  0.004859         0
     88/99     1.81G   0.02476  0.006515         0   0.03127        12       416    0.9497    0.8085    0.8926    0.5338   0.03465  0.004808         0
     89/99     1.81G   0.02375  0.006245         0      0.03        21       416    0.9749    0.8298    0.9156    0.5379    0.0353  0.004768         0
     90/99     1.81G   0.02385  0.006767         0   0.03062        20       416    0.9524     0.851    0.9202    0.5331   0.03563  0.004662         0
     91/99     1.81G   0.02383  0.006303         0   0.03014        18       416    0.9534    0.8723    0.9258    0.5447   0.03452  0.004744         0
     92/99     1.81G   0.02339  0.006495         0   0.02989        18       416    0.9332    0.8936    0.9269    0.5491   0.03439  0.004617         0
     93/99     1.81G   0.02337  0.006684         0   0.03006        15       416    0.9756    0.8507    0.9187    0.5199   0.03589   0.00467         0
     94/99     1.81G   0.02371  0.006067         0   0.02978        13       416         1    0.8298    0.9136    0.5553   0.03455  0.004693         0
     95/99     1.81G   0.02276  0.005999         0   0.02876        17       416         1    0.8297    0.9242    0.5459   0.03558  0.004669         0
     96/99     1.81G   0.02276  0.005996         0   0.02875        16       416    0.9748    0.8298    0.9275    0.5589   0.03487  0.004674         0
     97/99     1.81G   0.02323  0.006132         0   0.02936        22       416    0.9515    0.8511      0.92    0.5306   0.03465   0.00474         0
     98/99     1.81G   0.02361   0.00596         0   0.02957        19       416    0.9755    0.8511    0.9215    0.5351   0.03392  0.004589         0
     99/99     1.81G   0.02325  0.006329         0   0.02958        16       416    0.9323    0.8936    0.9341    0.5393   0.03529  0.004586         0
