      0/99     6.61G    0.1111   0.01515         0    0.1262        16       416 0.0006202    0.1702 0.0002138 4.198e-05    0.1031   0.01257         0
      1/99      6.7G    0.1021   0.01527         0    0.1173        19       416 0.0005733    0.1489 9.497e-05 1.526e-05    0.0998   0.01227         0
      2/99      6.7G    0.1004   0.01424         0    0.1146        16       416 0.0005855    0.1489 0.0001963 3.056e-05   0.09851   0.01196         0
      3/99      6.7G   0.09873   0.01488         0    0.1136        14       416 0.0006093    0.1277 0.0002056  3.57e-05    0.0976   0.01164         0
      4/99      6.7G   0.09868   0.01457         0    0.1132        15       416 0.0005426    0.1489 0.0002171 3.085e-05   0.09726   0.01142         0
      5/99      6.7G    0.0982   0.01392         0    0.1121        13       416 0.0005426    0.1489 0.0001367 2.927e-05   0.09733   0.01117         0
      6/99      6.7G   0.09843   0.01387         0    0.1123        20       416  0.007486   0.02128 0.0004291   0.00011    0.0971   0.01103         0
      7/99      6.7G   0.09813   0.01359         0    0.1117        11       416  0.009865   0.02128  0.001264 0.0003746   0.09673   0.01088         0
      8/99      6.7G   0.09644   0.01398         0    0.1104        23       416   0.00179   0.04255  0.001117 0.0001992   0.09731   0.01066         0
      9/99      6.7G   0.09685   0.01496         0    0.1118        23       416   0.05611   0.02128  0.006514  0.001918   0.09749   0.01058         0
     10/99      6.7G   0.09793   0.01384         0    0.1118        18       416  0.000525   0.08511 9.624e-05 2.441e-05   0.09953   0.01034         0
     11/99      6.7G   0.09688   0.01378         0    0.1107        17       416  0.004758   0.02128  0.000431 8.141e-05   0.09624   0.01055         0
     12/99      6.7G    0.0966   0.01349         0    0.1101        17       416  0.000826    0.1489 0.0002542 4.965e-05   0.09686   0.01046         0
     13/99      6.7G   0.09551   0.01449         0      0.11        19       416   0.03291   0.02128  0.003328 0.0009957   0.09633   0.01035         0
     14/99      6.7G   0.09373   0.01425         0     0.108        17       416 0.0008305    0.1489 0.0002063 3.131e-05   0.09717   0.01023         0
     15/99      6.7G    0.0947   0.01406         0    0.1088        24       416 0.0009503    0.1702  0.001292 0.0006945   0.09683   0.01024         0
     16/99      6.7G   0.09348   0.01412         0    0.1076        12       416  0.001127    0.1915 0.0003852 6.807e-05   0.09597    0.0103         0
     17/99      6.7G   0.09303   0.01506         0    0.1081        16       416  0.001428    0.1915   0.00144 0.0005946   0.09448   0.01045         0
     18/99      6.7G   0.09136   0.01467         0     0.106        23       416    0.1078   0.02128   0.00669  0.001955   0.09161   0.01072         0
     19/99      6.7G    0.0894    0.0147         0    0.1041        25       416  0.002105    0.1277  0.001494 0.0003657   0.09311   0.01045         0
     20/99      6.7G   0.08777   0.01504         0    0.1028        20       416  0.007403   0.08511  0.004721  0.001676   0.09609  0.009978         0
     21/99      6.7G   0.08311   0.01554         0   0.09865        15       416  0.001125   0.02128 0.0005417 0.0001322     0.105  0.009464         0
     22/99      6.7G   0.08039   0.01619         0   0.09659        14       416    0.1587   0.08511   0.05294   0.01372    0.0805   0.01095         0
     23/99      6.7G   0.07775   0.01639         0   0.09414        19       416   0.04282   0.08511   0.01059  0.002708    0.1015   0.00862         0
     24/99      6.7G   0.07376   0.01648         0   0.09024        16       416    0.1164   0.06383   0.02228  0.007039   0.09617  0.009357         0
     25/99      6.7G   0.07011   0.01717         0   0.08728        14       416     0.453    0.1064   0.05521   0.01318   0.08967  0.009909         0
     26/99      6.7G   0.07143   0.01623         0   0.08766        17       416   0.04465    0.3441   0.02945  0.005247    0.0647   0.01298         0
     27/99      6.7G    0.0665   0.01713         0   0.08363        18       416    0.2594    0.1064    0.0391  0.007219   0.09468  0.009133         0
     28/99      6.7G    0.0651    0.0164         0   0.08149        15       416   0.07236   0.06383  0.007482  0.001991   0.08982   0.01321         0
     29/99      6.7G   0.06498   0.01572         0    0.0807        24       416     0.527    0.1702    0.1552   0.05541   0.06949   0.01259         0
     30/99      6.7G   0.06459   0.01588         0   0.08047        14       416    0.5984   0.06383   0.05225   0.01188   0.08392   0.01488         0
     31/99      6.7G   0.06475   0.01548         0   0.08022        23       416    0.4981    0.1057   0.09322    0.0287   0.08821   0.01055         0
     32/99      6.7G   0.06074   0.01615         0   0.07689        18       416   0.03382    0.1915   0.01463  0.003581   0.07558    0.0123         0
     33/99      6.7G   0.05849   0.01555         0   0.07405        15       416    0.2592   0.08511   0.03149  0.008479   0.09187   0.01207         0
     34/99      6.7G   0.05898   0.01421         0   0.07319        13       416    0.2429    0.1064   0.07338   0.03574   0.09383   0.01336         0
     35/99      6.7G   0.05609   0.01462         0   0.07071        21       416    0.4599    0.1269    0.1021    0.0457   0.08455   0.01302         0
     36/99      6.7G   0.05499   0.01411         0    0.0691        18       416    0.4298    0.2128    0.2006    0.0785   0.06931   0.01165         0
     37/99      6.7G    0.0525   0.01379         0    0.0663        15       416    0.3092    0.3404    0.2362   0.08495   0.06725   0.01068         0
     38/99      6.7G   0.05187   0.01347         0   0.06534        21       416    0.3826    0.3824    0.3205    0.1282   0.05679   0.01095         0
     39/99      6.7G   0.04813    0.0128         0   0.06093        12       416    0.3887    0.5957    0.4546    0.2275   0.05459   0.01001         0
     40/99      6.7G   0.05065    0.0137         0   0.06435        21       416    0.1779   0.08511   0.07014   0.04068   0.09986  0.008556         0
     41/99      6.7G   0.04995   0.01322         0   0.06317        18       416    0.4203    0.1702    0.1473   0.05885   0.09269  0.008881         0
     42/99      6.7G   0.04516   0.01198         0   0.05714        17       416    0.3854    0.1915    0.1609   0.08244   0.09144    0.0088         0
     43/99      6.7G   0.04871   0.01236         0   0.06107        16       416    0.4794    0.2553    0.2466    0.1131   0.08104   0.01122         0
     44/99      6.7G   0.04493   0.01187         0    0.0568        20       416    0.4554    0.5532     0.407    0.1751   0.05627   0.01003         0
     45/99      6.7G   0.04216   0.01117         0   0.05333        16       416    0.4797    0.2766    0.2747    0.1031   0.06039  0.009796         0
     46/99      6.7G   0.04229   0.01085         0   0.05314        14       416    0.6665    0.5952    0.6046    0.2645    0.0546  0.008763         0
     47/99      6.7G   0.04052   0.01064         0   0.05116        18       416     0.534    0.3191    0.2783     0.133   0.07982   0.01036         0
     48/99      6.7G   0.03809   0.01066         0   0.04875        21       416    0.7495    0.7003    0.7564     0.363   0.05073  0.007207         0
     49/99      6.7G   0.04164  0.009845         0   0.05149        18       416    0.9675    0.7447    0.8497    0.4277   0.04398  0.006254         0
     50/99      6.7G   0.03754  0.009939         0   0.04748        12       416    0.8257    0.8085     0.837    0.4432   0.04481  0.006334         0
     51/99      6.7G   0.03738   0.00974         0   0.04712        21       416    0.9167     0.702       0.8    0.4099   0.05314  0.006862         0
     52/99      6.7G    0.0373  0.009438         0   0.04674        16       416    0.5881    0.6383    0.5647    0.2233   0.05395  0.007529         0
     53/99      6.7G   0.03628  0.009523         0    0.0458        22       416    0.6485    0.2766    0.2642    0.1379    0.0734  0.009483         0
     54/99      6.7G   0.03546  0.009088         0   0.04454        15       416    0.8802    0.7872    0.8474    0.3992   0.04171  0.006065         0
     55/99      6.7G   0.03295  0.008682         0   0.04163        13       416    0.7379    0.7234    0.6857    0.3091   0.05317  0.007097         0
     56/99      6.7G   0.03376  0.008066         0   0.04183        17       416    0.8535    0.7436    0.8103    0.4344   0.04266  0.005939         0
     57/99      6.7G    0.0318  0.008287         0   0.04008        18       416    0.8689    0.8511    0.8756    0.4688   0.04151  0.005543         0
     58/99      6.7G   0.03191  0.007846         0   0.03976        15       416    0.8913    0.8721    0.8834    0.5062   0.03969  0.005139         0
     59/99      6.7G   0.03031  0.008374         0   0.03868        17       416    0.8994     0.766    0.8584    0.5052   0.03884  0.005414         0
     60/99      6.7G   0.03175  0.007707         0   0.03945        15       416    0.8571    0.7655    0.7891    0.4019   0.04277  0.005859         0
     61/99      6.7G   0.03123  0.007704         0   0.03893        17       416    0.8566     0.766    0.8108    0.3582   0.05464  0.005961         0
     62/99      6.7G   0.03106  0.007322         0   0.03838        13       416    0.9487    0.7872    0.8749    0.3746   0.04514  0.005205         0
     63/99      6.7G   0.02861  0.006971         0   0.03558        19       416    0.8945    0.7447    0.7921    0.4063   0.04876  0.006021         0
     64/99      6.7G   0.03074  0.007798         0   0.03854        21       416    0.8134    0.7447    0.7958    0.4553   0.03955  0.005683         0
     65/99      6.7G   0.02923  0.007312         0   0.03654        21       416    0.7941    0.7447    0.7903    0.4551   0.04025  0.005652         0
     66/99      6.7G   0.02968  0.007053         0   0.03674        16       416    0.9318    0.8716    0.8975    0.5064   0.03942  0.004688         0
     67/99      6.7G   0.02768  0.007351         0   0.03503        18       416    0.9749    0.8298    0.8711    0.4766   0.04263  0.005475         0
     68/99      6.7G   0.02777  0.007078         0   0.03485        17       416    0.9302    0.8509    0.8849     0.523   0.03765  0.005157         0
     69/99      6.7G    0.0278  0.006652         0   0.03445        28       416    0.8332      0.85    0.8742    0.4249   0.04158  0.005375         0
     70/99      6.7G   0.02606  0.006754         0   0.03282        12       416      0.84    0.8936    0.8891     0.469   0.04212  0.005203         0
     71/99      6.7G   0.02648   0.00665         0   0.03313        19       416     0.952    0.8511    0.9019    0.5321   0.04067   0.00476         0
     72/99      6.7G   0.02697  0.006341         0   0.03331        13       416    0.9743    0.8085    0.8928    0.4782   0.04199  0.004918         0
     73/99      6.7G   0.02649  0.006443         0   0.03293        14       416    0.8055     0.617    0.6261    0.2717   0.05023  0.007801         0
     74/99      6.7G    0.0258  0.006887         0   0.03268        20       416    0.9524     0.851    0.8949    0.5272   0.03884  0.004542         0
     75/99      6.7G   0.02375  0.005979         0   0.02973        17       416         1    0.8508    0.9102    0.5278   0.03971  0.004959         0
     76/99      6.7G   0.02379  0.006216         0   0.03001        12       416     0.975    0.8298     0.877    0.4599   0.04238  0.004663         0
     77/99      6.7G   0.02416  0.006377         0   0.03054        15       416     0.975    0.8297    0.8868    0.5009   0.04041  0.004741         0
     78/99      6.7G    0.0249  0.006303         0    0.0312        15       416    0.8235    0.2978    0.3437    0.1481   0.07674  0.008118         0
     79/99      6.7G   0.02542  0.006355         0   0.03177        17       416    0.8499    0.7231    0.7743    0.4082   0.04398  0.006391         0
     80/99      6.7G   0.02522   0.00636         0   0.03158        16       416    0.8916    0.7021    0.7679     0.351   0.05037  0.005218         0
     81/99      6.7G   0.02502  0.006445         0   0.03147        12       416    0.8197    0.8723    0.8087    0.4341   0.04027    0.0074         0
     82/99      6.7G    0.0237  0.006227         0   0.02992        12       416      0.65    0.8297    0.6069    0.3185   0.04057   0.01343         0
     83/99      6.7G   0.02396  0.005767         0   0.02972        21       416    0.8259    0.8085     0.737    0.3948   0.04164   0.01047         0
     84/99      6.7G   0.02319  0.005881         0   0.02907         7       416    0.8936    0.8934    0.8956    0.4844    0.0413  0.004455         0
     85/99      6.7G   0.02289  0.005812         0   0.02871        14       416    0.8666    0.8296    0.8368    0.4111   0.04484  0.004763         0
     86/99      6.7G   0.02279  0.005913         0    0.0287        14       416    0.9111    0.8722    0.8833    0.4569   0.04334  0.004632         0
     87/99      6.7G   0.02155  0.005635         0   0.02719        16       416    0.9048    0.8084    0.8477    0.4699      0.04  0.004775         0
     88/99      6.7G   0.02249  0.005579         0   0.02807        13       416    0.9042    0.8085    0.8442    0.4513   0.04047  0.004867         0
     89/99      6.7G   0.02201  0.005507         0   0.02752        15       416    0.8808    0.7872    0.8097     0.449   0.04032  0.004713         0
     90/99      6.7G   0.02047   0.00575         0   0.02622        16       416    0.8912    0.8723    0.8949    0.4902   0.04041  0.004593         0
     91/99      6.7G   0.02035  0.005333         0   0.02568        16       416    0.9535    0.8723    0.9007    0.5136   0.03831  0.004574         0
     92/99      6.7G   0.02212  0.005617         0   0.02774        20       416    0.7592    0.8723     0.714    0.3857   0.03871   0.01023         0
     93/99      6.7G   0.02091  0.005513         0   0.02643        32       416     0.975    0.8296    0.9015    0.5101   0.03816  0.004322         0
     94/99      6.7G   0.02068  0.005734         0   0.02642        16       416     0.913    0.8936    0.9056    0.4845   0.03967  0.004267         0
     95/99      6.7G   0.02083  0.005273         0    0.0261        23       416    0.7143    0.8511    0.7044    0.3798   0.03917  0.008169         0
     96/99      6.7G   0.02065  0.005531         0   0.02618        22       416     0.619    0.8298    0.5897     0.327   0.03904   0.01268         0
     97/99      6.7G   0.01898  0.005182         0   0.02417        16       416    0.9301    0.8511    0.8811    0.5015   0.03844  0.004886         0
     98/99      6.7G   0.01968  0.005462         0   0.02515        16       416    0.8665    0.8298    0.7877    0.4343   0.03873  0.005938         0
     99/99      6.7G   0.02071  0.005491         0   0.02621        20       416    0.9756    0.8507    0.9049    0.5057   0.03884  0.004371         0
